101
264 192 303 143
241 61 236 204
181 66 330 339
1000 1000 0 0
89 123 821 856
92 119 110 861
393 141 448 664
157 326 663 154
134 380 178 297
56 290 798 582
256 370 29 558
648 366 206 4
85 201 857 731
159 38 808 555
208 625 324 62
729 29 151 332
188 666 413 272
316 25 4 440
128 101 404 690
239 205 402 513
173 58 439 851
792 558 122 289
160 218 625 679
596 364 381 628
35 201 713 287
226 244 477 591
144 49 497 438
319 666 252 64
900 424 55 571
68 20 700 557
31 531 533 246
138 510 737 12
471 40 264 401
229 102 376 333
321 611 300 318
20 139 783 323
361 254 576 683
94 504 865 477
493 11 172 586
73 598 794 54
49 151 771 611
235 294 593 492
503 507 302 307
411 513 512 427
92 12 140 191
249 420 480 15
108 166 216 293
33 574 893 298
6 2 815 869
28 66 107 894
117 620 59 204
97 235 854 208
162 149 761 747
423 138 548 718
96 179 894 137
138 184 812 759
273 254 589 608
88 427 119 521
290 189 191 810
377 446 380 552
24 411 324 458
25 482 799 1
41 123 721 622
428 250 459 643
9 26 367 635
724 507 217 454
521 185 462 716
96 73 836 854
306 95 207 812
432 72 127 147
105 128 849 819
553 539 426 322
357 47 141 892
760 372 11 25
422 497 550 500
166 67 37 655
186 21 275 31
147 244 797 728
99 138 737 46
644 330 355 387
158 150 31 503
73 595 727 382
448 316 381 182
24 123 5 332
27 26 763 644
442 225 380 685
8 66 58 326
333 249 179 48
702 424 13 108
499 208 253 706
242 199 273 778
70 104 803 840
685 450 208 73
167 242 663 595
351 597 396 357
21 533 763 435
141 450 656 209
51 30 154 429
470 202 280 705
123 17 773 104
221 330 669 579
