16 15 9 396
19 9 889 910
23 19 87 901
500 500 0 0
500 500 500 500
1 12 964 314
24 6 284 235
22 11 519 600
21 21 348 764
20 24 598 792
18 18 247 227
10 1 381 671
15 15 925 328
17 1 840 502
23 10 519 564
17 19 10 267
9 11 456 663
15 24 466 460
24 11 589 184
25 6 206 153
19 22 440 189
14 7 670 701
6 20 585 165
15 10 80 225
14 1 192 965
25 21 36 494
6 4 485 201
22 25 628 662
22 4 243 205
5 2 899 295
5 11 866 56
20 25 395 683
23 24 691 948
4 22 374 679
8 4 875 234
10 12 584 679
13 9 637 943
16 23 766 277
15 5 929 711
23 2 644 135
18 7 501 241
22 1 949 904
15 23 92 54
5 5 441 818
25 16 315 381
22 23 716 37
3 21 109 589
20 5 851 683
22 19 421 867
8 1 717 5
9 11 624 168
14 25 287 400
11 7 745 624
20 12 265 131
12 2 225 379
7 11 412 778
25 25 223 197
12 4 747 535
3 22 137 82
2 3 88 59
16 18 906 554
23 1 557 787
20 7 519 848
8 11 173 157
14 24 202 86
18 11 292 177
7 11 144 2
7 17 349 518
12 16 124 41
23 25 726 267
2 6 377 466
16 9 304 354
6 5 125 587
25 11 941 546
21 15 891 475
14 4 396 827
5 4 198 391
15 8 185 875
19 24 174 720
6 6 44 225
14 17 152 460
21 12 279 816
20 7 771 195
6 8 387 24
15 12 244 397
7 22 944 469
9 1 10 465
13 9 876 942
1 13 321 360
7 7 880 532
25 24 356 216
25 25 410 540
23 25 452 941
22 5 439 689
1 6 590 845
10 1 667 520
2 12 955 832
21 10 350 505
22 25 793 8
14 16 140 785
1 4 757 601
13 6 856 258
