100000 10000
32122
35160
32156
84253
69851
86027
60
85435
16521
34221
9381
1606
73284
17360
86219
55387
43849
90668
98045
91669
20155
55888
7193
22580
3358
48992
10905
79255
72408
53662
92621
97667
7109
16651
62125
12902
81928
6571
96428
44372
62030
8553
18742
54436
54354
39736
94840
92126
99371
605
65012
34999
73517
49520
12842
131
66188
7092
74723
90688
21837
3609
26773
458
90409
83832
6461
60222
12558
5756
47280
94822
26170
73444
94411
86667
59105
18338
94025
36728
57851
23242
60336
67618
74556
93091
90094
76342
45804
45449
9239
92209
4886
20650
67761
23084
39351
85122
62098
68694
79903
80721
99343
29509
57055
9628
60539
87153
90147
1906
85817
31995
65847
7279
76577
99903
74479
54219
99523
45624
56040
29851
71639
30949
75805
27029
49291
61363
50960
70637
22723
39832
21740
50818
763
9190
34199
78275
24804
95381
39048
50230
34177
38298
46748
2563
21245
65023
62564
45137
82076
64248
92803
19635
40172
27193
9055
98625
89863
48336
20016
13896
59480
96550
54506
58986
55644
97555
84631
43182
19806
70863
63670
89476
94741
17074
92120
43632
69008
24745
52653
39456
69472
95764
64915
76349
69409
49811
19406
74654
27126
14199
94010
5919
80006
29026
40128
57444
33747
14507
13915
71691
56353
19045
89813
11424
41617
44910
11418
70607
58611
74194
50480
24127
22653
79818
98587
14663
14307
49184
30267
86892
27964
18958
15015
471
34040
38134
6554
89303
19725
1873
5070
74582
77363
14386
23860
26257
93433
27334
2678
35898
96935
14104
33872
22003
2064
41908
90293
43620
13864
82693
13418
11076
76023
61360
13767
81631
55116
1437
24272
54194
55631
99095
25313
70118
3205
98073
41632
48328
954
7737
87886
56998
28291
57611
13368
59903
23610
19970
85781
30532
51444
84387
62892
35888
5244
63073
73201
70088
94408
95485
31970
9982
21667
95163
27159
77025
74555
53060
51293
47141
18627
78235
54244
70319
67386
17403
78741
50065
2900
2535
68936
30903
37872
58307
16196
46266
7772
27655
84225
9606
90733
56979
52479
65735
61151
4258
5059
63245
13409
39975
43049
3771
92140
35607
19861
75615
27817
58658
70753
5000
78418
27726
99041
12905
52145
99706
29540
2871
60409
97319
63981
92685
43808
27707
95174
33624
89113
96422
5592
97175
85016
69281
23962
30631
71809
27269
42696
61837
3832
11318
35852
14142
90103
5613
65892
66917
87551
19701
6654
35076
56376
2880
11660
15622
23532
52995
21918
98344
96735
51894
62894
10455
94640
6306
94806
18272
74664
51460
23939
54640
31209
4021
5333
40124
82332
33867
50346
92971
6069
26609
50995
59138
78825
19953
56846
42739
45937
96221
39763
19557
13055
238
84971
39066
76827
39703
96910
62865
63712
5041
62419
132
64528
92524
73533
12888
96827
80534
89199
36391
3385
38028
67656
40799
57570
137
72709
94588
20153
48140
62027
73499
8284
68071
21495
6877
35296
66707
2080
67863
85718
30184
16118
1501
41682
66115
25220
4647
50559
21193
24838
43888
72354
50899
45052
27193
16658
3996
76054
98528
45277
13923
3071
20224
34390
58995
28776
65841
31232
46870
94749
39633
66576
45082
63679
64473
39604
34207
36727
31001
63633
211
34325
38579
83872
77596
25190
93374
86815
69173
77292
39422
82488
43737
68442
28854
4482
48564
45412
91459
27602
51906
10897
23340
10946
77069
2707
12715
61184
3326
59780
23285
57454
16883
45904
19118
93457
54312
68844
44721
59003
68494
14173
65386
21714
92694
46976
2430
57170
10096
5936
35431
91805
91036
24545
88370
9846
50480
99602
86269
40749
26945
38588
17472
81756
98948
61608
69374
70786
88712
4151
82806
1389
11555
52092
29673
29802
41770
86352
95083
81060
41353
31362
28175
58212
6381
35559
31662
48042
55066
7601
15696
15991
76437
40114
71018
30132
11291
90781
1856
57755
12148
74298
4487
85623
29808
44315
68862
37485
44483
6936
10924
3713
9448
61920
73859
49999
61510
21797
57909
58838
22529
75198
79599
74800
63686
66493
21790
77258
40388
15865
55175
9446
25108
28984
83537
22619
67620
52026
86857
83845
37376
15673
1011
93295
37253
16619
34721
37330
31123
69461
27443
83922
41079
96747
59196
67277
43931
75124
48933
19274
31722
70664
60010
21010
61321
39447
4778
87262
188
10025
26221
89276
98560
36052
15700
17030
28294
44231
20608
35613
83227
909
25562
78061
20855
14841
53354
46986
2185
47733
75447
93172
27971
56124
28954
49289
32109
34010
63992
98111
99906
74715
39460
77015
71975
48047
20225
44634
41248
42693
37548
72770
87652
54376
41668
66883
27582
74169
36475
18021
40413
5834
53454
2915
69214
26385
29168
26141
53856
72672
54580
9980
28726
49828
20363
46070
72763
14952
32877
40396
29607
2245
97046
37236
86644
50698
74922
19899
11824
11072
56209
28944
39203
85310
78011
76025
28255
54726
37930
1072
84103
55731
72129
43336
21714
30471
46510
23583
87514
32401
30700
67450
34787
7297
70922
55356
15921
52303
96390
7532
70200
75683
97369
15167
3903
88415
24200
70391
29063
83927
76695
67181
54901
38865
91510
97367
99442
68061
34506
70
99467
74690
12882
46248
81928
47477
73316
45987
9499
46447
44526
2955
15708
76521
46577
66297
74160
63678
26759
2346
75627
40313
33682
78561
47012
86721
10393
53035
76609
2406
24406
62650
38996
91230
4185
30658
5589
78129
57906
76126
1145
99805
2291
21268
80103
60428
20717
83761
97875
53179
1484
83495
45693
58670
72637
35188
1531
9205
9365
23905
86521
30643
87374
17833
64420
64387
27162
51189
935
70575
3710
84552
65602
86621
78804
64421
57989
94981
99010
95292
40733
71773
3714
16511
61971
4230
53507
85869
96829
5039
50820
64705
5214
79660
34805
93670
54240
36621
77436
88870
3822
80668
21753
18981
37423
64638
15407
24437
91071
56609
84645
94068
3719
19333
8200
70208
60721
6440
76960
8247
19913
34779
33922
7925
4235
78296
38123
51789
94775
36951
55233
67073
33878
56283
16175
89897
94603
35410
26841
57674
58539
98620
51271
58790
25780
71084
27196
92873
12662
88396
11921
61348
1263
33327
39666
27492
56910
19669
11523
84632
63235
48238
2011
15476
93665
8856
41211
19448
3859
97814
92100
62417
52066
44736
33503
91842
11954
88410
60762
84572
66556
30761
32316
45937
29772
79481
28527
71986
34894
33030
9847
94355
4715
89248
62945
70297
60369
146
82581
96013
15279
60036
54622
64806
56459
32864
24962
24298
25802
52668
84728
84294
82185
11019
68254
55196
40857
91794
42949
96011
48425
93929
26404
66979
16512
31169
74536
64543
54110
93817
72118
69658
32735
34901
96340
93481
9911
97407
36750
93118
52131
24712
96024
35500
1674
98991
83772
67607
24306
15937
95965
15909
33826
33360
58793
11765
74594
732
75787
75605
83116
69166
62782
76227
88594
81339
77688
91476
81755
50856
46023
56830
71977
96413
3575
23061
75714
46385
48884
28255
23537
23203
27289
86787
50817
30415
84963
61804
82266
12961
97526
97646
65396
37129
39452
67444
29593
32935
31632
9425
30179
70619
5064
94319
22321
82485
27139
68747
36564
6330
45500
60799
49981
62831
16130
88314
81772
35819
94258
79504
30047
44034
84801
90499
88110
72876
55028
13937
57901
16827
89952
55763
66494
29613
68649
8272
457
59971
1281
67495
70390
22133
38649
75718
12015
5194
57299
81341
16928
19902
67859
11252
39973
92539
93510
45592
35191
19869
18343
80208
48643
83256
31417
46515
56654
14447
85356
73707
54091
32397
61407
44272
98307
71487
78949
20342
51740
3906
8254
41342
22648
92669
42047
15001
59880
8069
4976
19963
67911
64294
44499
29618
12701
12536
39816
45594
17841
88618
14331
28916
56192
16433
35433
75056
46830
65369
67522
39863
59448
34654
4293
51287
66886
72509
35443
95349
91577
47440
10045
99191
23993
53007
69143
38480
96465
66656
55265
71238
20124
16457
97601
78638
25234
21892
48898
74854
46350
41361
2690
72181
73939
93123
47068
36456
45162
30727
44337
54931
92499
36679
57321
79541
27417
13348
31039
58293
88408
79793
83521
62377
6937
75129
1673
78485
62267
9670
51264
29870
22261
32114
55220
62111
18925
43970
23532
34524
21797
72826
70531
9957
64586
50727
63409
90283
45329
19024
80712
94735
38183
11783
26677
8557
76820
83707
96793
12146
22960
68822
92505
16197
366
99918
91460
90591
51266
96386
14638
77767
32547
13007
7172
15824
18930
26602
84903
94365
39626
97250
97094
20407
75786
33675
37835
26988
92702
44993
67938
71909
11377
73852
65770
73589
13984
39053
47808
85161
97930
87745
59867
67062
94148
81131
80660
72593
26443
17295
88761
92463
59675
45170
14939
20585
83851
35906
27727
36474
91823
62981
2358
69870
56214
48802
45844
39790
28971
41278
52676
80383
86807
49813
36953
26986
66911
60897
39409
54439
92788
59770
27311
51535
89686
36117
64915
60140
92745
89601
41579
5880
86871
4906
97353
26556
82264
65231
16581
12704
17929
21214
36756
88990
29843
2826
43050
2667
29548
34766
56975
97954
98152
42958
94752
56025
98839
12608
85160
48996
4521
59000
8699
43699
52260
39705
88070
36434
71449
86500
75395
70977
15003
2665
10905
90969
86508
90075
90628
82924
54494
87539
70308
62025
12072
31738
92295
51972
12017
62586
49185
5639
10811
16595
69868
25909
36982
67754
86396
89425
1278
53608
54926
50450
89193
94759
42657
8844
49778
76014
67353
92641
33
56795
39752
63614
65244
56953
68653
7300
72596
19418
76539
41623
71099
88039
54988
39956
64491
20420
64405
93585
98969
51419
8188
2517
27806
95399
11792
26397
96036
46649
48071
50173
45960
87124
11948
12474
2135
80425
22732
56325
95562
71662
36878
28092
69954
79975
14758
14258
41181
75626
35674
36476
14725
76199
18286
85866
68776
98557
24479
98053
1920
70728
22973
83759
25693
85931
65504
14172
46067
99424
43666
54667
74910
59701
7120
1915
14590
85508
50556
23499
25543
26435
27472
30433
45383
28885
57146
31281
66218
62246
64383
43859
96000
49520
84561
49651
26978
70597
60492
12816
94741
57613
6353
87804
69588
44484
73311
68733
13921
8366
36828
88098
43755
3138
68627
95780
82105
53244
99909
33416
10563
65740
56755
27110
53022
51021
60423
69687
92006
2843
79144
51281
75154
48621
36512
44712
80682
20278
80871
68217
4358
45493
19420
65460
34659
82530
55764
96473
26709
8556
231
2008
9557
49823
59406
425
44746
25304
4467
62127
78228
28655
85370
48371
15956
76354
31444
58744
49878
31800
35471
55291
43364
11432
19272
82553
73846
35215
17569
26316
33311
32944
7151
57966
51027
78420
67140
91591
69352
15020
77044
44731
66731
93312
92908
97955
42343
31967
18519
51870
20085
89846
57182
83416
44323
96305
72865
44516
27785
45249
52240
46956
79896
10352
10216
38684
46460
69411
28647
1456
74145
48129
42088
53951
95589
33160
83330
62168
36803
37822
89662
99722
27716
37590
71159
99942
86016
61747
25118
81820
90976
13645
94616
11720
96566
34855
90734
42328
9617
66542
15287
48820
6486
45197
96208
61220
22660
70782
61408
69209
19968
81133
59040
89459
46844
20773
96411
72959
34382
95684
12029
71097
41372
61403
44402
23861
84392
73881
97485
8433
53549
5846
35965
24415
15388
76012
22692
51699
48954
32939
8328
35307
82825
39019
14072
82173
54319
83500
91711
32924
94754
43739
76468
32711
91369
58302
35838
73045
64110
69528
18521
20828
5633
15765
47354
39618
8087
68402
46218
64937
74896
67622
27438
66534
92344
7779
88093
46489
37682
11437
61988
93946
69501
53036
5557
56148
12106
22409
5408
30687
65940
53772
24436
52320
70237
35040
13550
58719
30667
70531
72329
1184
1082
38869
96855
66011
70667
45417
83556
94943
12258
61698
69454
66588
32282
6679
89330
11314
65909
18778
80649
46485
83485
88392
21311
85501
58987
51185
77779
58149
60919
90005
48770
82922
76091
40870
60379
98108
21383
77206
69531
39436
69648
24368
30146
39893
10646
76083
33536
29864
24984
39332
25521
70425
35166
90371
16697
71520
58634
5255
49017
34482
95300
36154
46226
49705
49767
28406
65756
96554
31741
15961
6807
37758
22078
14401
98503
67437
49657
21312
29037
98696
49336
39483
6113
23277
64727
49023
11815
39813
19722
90002
50109
21837
21128
48604
99914
73905
63739
43395
48424
21249
67278
84545
24305
80915
28305
57030
19362
57960
53702
61554
99669
36963
37767
34233
78062
82065
8217
74661
56909
39129
43907
3342
35257
11661
26336
4603
11973
15877
47776
624
12087
87846
82750
33238
13892
63703
60018
98539
45958
44853
91523
37850
42540
21169
55740
15831
37519
65803
88583
72879
4720
71258
35822
20645
35219
51298
62691
14339
37209
3373
43850
23621
32966
12110
85522
94441
40456
32310
35340
45091
46382
30163
85403
34675
58632
30900
99450
91503
90724
95953
71413
7330
68925
34462
13142
12187
62050
11586
93117
71882
51436
12544
6871
37730
35336
78198
14442
95858
6780
35403
76733
24467
28673
56560
81198
1546
80300
37753
35790
45724
27344
71980
63973
33431
11877
80164
87372
86876
97536
47783
21463
39687
72192
5147
85906
88019
34778
82887
19983
37487
89645
44387
23761
359
50563
87039
29663
96565
32132
88852
31159
65735
80550
85375
12523
99919
39157
73306
52311
46221
85329
7583
62654
41235
70400
13423
46287
45761
14440
71671
51856
97392
4160
54529
84720
88614
31290
84656
51997
58767
65325
4693
71143
84695
25430
72096
50643
98113
34035
46728
57264
38286
90615
2129
2389
20306
37466
31921
34893
22867
63204
90016
78683
85606
74689
25999
58403
55721
79565
86539
98912
40676
56215
55789
40501
35331
36849
63496
61470
14283
10740
46295
55599
20693
46092
39973
74888
84498
84768
52164
68033
36188
53344
6586
24286
60907
54229
12844
92949
70799
78618
80851
81112
12741
2449
25339
39965
45538
52211
89886
78033
45004
87439
94282
84813
68185
29888
82004
17090
22801
6005
17792
74582
75567
87680
83431
6942
3649
65080
56443
78228
65974
5573
32023
90383
20596
85748
75945
13344
97276
78489
26675
2179
95184
37916
69975
4723
53243
18058
66138
33725
33511
86929
97597
55535
58287
31929
3745
39490
20302
78449
8563
3101
2673
4735
10060
70468
23787
13925
77476
85034
74097
67070
59982
61035
53418
12273
13702
53674
85997
75212
84136
78366
23412
44010
97109
68247
50870
52801
29856
64611
58450
25179
15117
5764
66892
86915
25966
11274
17804
69109
61348
34090
15797
83236
49925
56520
87213
76102
12432
54369
34577
37490
5329
95956
31379
58234
94721
97066
15131
95907
92256
4424
64826
91724
42334
11761
1267
69248
51878
45372
67602
64289
66067
21119
88774
813
27687
96350
86914
17071
19874
93110
28344
17312
48771
2457
64921
18220
74133
38077
49128
57010
97581
82789
73731
60094
5130
57878
16158
3784
46800
426
62842
35098
91402
34488
96482
17497
69753
46409
73958
45261
1784
33197
30743
4157
48098
23580
80688
17691
21799
42320
87846
35702
25063
62254
39158
36290
10361
58604
61920
19268
86266
30647
63582
58257
69175
43075
93051
30
34452
6198
19033
19581
34123
80706
91859
81391
11155
25165
78460
74910
30459
14477
41310
65469
41465
11109
87686
51694
1209
99104
92558
68070
18231
69781
825
72199
88652
95930
535
26137
6488
44042
20494
68607
21072
60703
58667
23379
39135
2275
11544
88503
78846
15861
1530
13749
39462
31054
95927
38647
55723
98136
43278
22177
33921
15206
82645
97466
87613
50827
52492
53676
4109
76792
64354
86608
30587
94731
23973
23335
99618
45856
12187
48469
46260
83344
46848
41800
90065
30605
55313
87329
81565
85305
60138
56688
49296
32663
59369
2308
11234
52073
3441
15059
69222
98848
4337
97217
53743
15614
7216
10768
44463
59868
4824
57428
4692
81403
97924
17105
34793
43743
7799
97283
65893
90817
97592
53397
40903
96625
78965
21940
72417
43193
30639
97361
45489
71205
92916
20271
82953
80031
23902
23588
94036
19151
33691
7349
92889
24862
22042
91649
24235
70377
73022
99334
85470
83073
44154
12150
15079
44945
62597
34086
20804
97244
16450
32763
5719
25224
77401
66938
20746
91321
27221
34223
69173
46954
12945
43993
95704
20848
82272
59848
59047
65837
17468
82338
13652
97428
21651
82748
29820
49189
87028
72357
32887
55647
30693
5033
77906
13680
99688
12974
65497
81360
3208
8555
73844
95325
8532
13666
19318
35277
50559
92995
92201
44112
27481
82595
32426
35016
53464
3707
5944
83042
63320
86949
58840
32535
84415
25265
46675
36636
15580
62692
75280
6613
70847
17583
51749
94594
17402
33206
22634
77675
13423
9230
88308
77111
82881
44754
75617
2996
70224
71685
50056
92434
55700
2577
89825
22318
47057
44462
49985
90396
91217
23633
80029
939
24154
10915
6232
84334
17244
54845
7699
44421
50098
44570
66009
99303
17259
86360
1764
77850
89380
87328
10020
32799
50643
6063
52608
53115
38128
68276
94798
61735
68138
93199
86333
28377
17580
43580
61786
76781
17144
97297
70916
85634
28932
33241
54807
32141
43465
90823
81238
25440
53330
55501
55242
13780
8467
68164
6159
16763
26107
741
67312
28212
29487
83301
34702
21472
7948
97239
61404
35734
70397
56674
7729
5525
28110
74393
10649
65664
89991
43560
47429
14699
31467
4267
93738
29357
78112
45412
9855
64011
41434
92837
4948
80396
34566
77860
88657
25503
50580
30063
88148
57089
87981
93936
68369
98044
15391
16082
30715
42039
6934
18601
22624
88464
48607
58950
70542
15425
89371
63233
60487
78052
38202
94099
50888
9341
4207
14156
25801
25470
7036
57765
64186
64733
94845
22642
70760
34237
26966
54329
76833
15265
78383
68534
5343
72364
54409
69097
38245
5799
40657
46239
6671
36908
64298
57526
90931
25847
19358
83305
17373
68890
64484
36102
97853
66843
96201
87633
95426
88619
24549
38868
37652
19282
49717
91019
54248
33415
1480
97629
93862
44884
20090
61060
87549
77273
81286
36039
35670
603
33986
93523
85234
51454
96318
14076
47049
56614
91569
6891
61541
66466
87701
22209
30178
26343
56803
42426
39461
71684
83395
43927
25827
43659
79808
28443
95112
19046
16827
90437
94571
64141
5092
18556
94514
65237
48528
3066
90793
95589
77500
76847
49609
86211
72370
74601
84845
30257
14040
43050
94569
6746
83131
30010
53898
88113
12499
46510
77940
89923
18793
54812
43455
38411
94315
29351
94511
41829
48338
91083
80589
63726
6804
51428
91662
18351
27642
82642
77138
9079
19200
5123
58238
75614
51753
30894
40360
53017
35391
88368
47974
98359
92815
64629
50022
60876
59222
36544
12883
46440
88193
30514
50232
20863
15268
40169
42219
71120
49925
98586
90478
63850
4626
19394
53549
41
28935
8332
87200
23459
62851
35697
54826
44897
11681
44089
55967
95232
86618
56943
99747
4818
7472
17006
12222
89111
29077
19274
70952
35574
73616
31115
60823
86031
48679
54646
34423
57147
44542
6080
22762
54302
87584
57923
64801
19757
61651
4580
5968
54867
90135
91312
69312
76812
75409
23739
26907
38641
4187
13808
87497
29468
85517
5920
215
37209
30797
34624
43910
27918
10283
40379
58039
14233
3495
6067
89053
79618
77009
42699
18832
7760
99921
16787
19830
51531
45328
39845
31502
78203
15838
63833
62801
36965
63747
18277
32841
4401
39129
82103
84333
29397
35900
57484
38946
76659
56120
42736
60971
85326
55177
80917
38699
41708
82402
59830
29368
56933
70825
668
3144
93948
69283
33536
6315
24790
19389
44011
64039
60858
17468
9522
74684
4956
99460
65826
92496
28481
26613
16071
20624
83562
60074
76110
77113
81363
85610
62418
53269
97561
35120
67979
24159
48126
21863
86744
28052
71750
59749
74876
32396
71824
11399
32321
66862
10960
57108
89444
18983
47051
3574
83392
13830
99702
25099
92963
96096
26393
70766
63789
72750
73382
54499
9534
38115
74267
21424
22016
17426
26237
40896
46741
42072
42636
60799
23871
51957
19208
63506
8926
71344
68916
53298
67098
68283
4396
61244
6168
85396
68029
62815
29665
91402
3693
96041
59041
94665
59775
46970
61736
22502
2349
77960
85827
13231
49550
26992
82606
10671
8513
38708
98120
73681
95140
35624
32503
15630
70872
73867
21550
36174
76700
55286
99342
10678
7121
51101
61294
61025
71273
85311
24373
70920
79567
4831
67890
98082
47128
95311
14456
42178
73717
62945
75846
12191
45362
36657
47486
87334
42387
32309
34639
49123
92366
62009
8973
50155
49365
27044
25944
59812
86380
7050
42710
40324
73982
53712
58791
55410
99142
66021
13703
18730
33975
74645
326
44509
34791
34698
61293
3133
22261
18282
85329
85945
9250
50376
80346
44548
91463
74955
19153
83302
20500
81601
39131
67729
87891
91239
84186
68717
16030
7778
92763
63883
84902
56716
37144
10783
20351
66574
92128
12855
93399
43674
68734
98373
92915
2974
51431
86853
67693
41999
72344
79263
26470
6441
61193
46945
23101
23544
70325
37070
66768
81052
99238
44342
53563
2443
39921
32597
86765
42386
61507
61148
24942
31691
47450
99250
94936
21997
24597
11584
24373
46083
22147
77793
87585
12248
41510
73054
91499
19219
15234
11918
26853
63965
23993
30513
30479
55862
88854
92466
8424
33390
25755
42932
92288
99591
72435
52049
30450
18902
64490
87401
71687
18782
6198
31055
79179
65787
64545
33542
25467
41811
42537
38901
63220
18123
84382
96921
21717
36781
42069
68820
41149
36067
72371
7049
37360
62698
21297
73926
11414
66321
14143
38360
83075
73752
64112
4068
73087
9497
83334
5424
41549
45643
61692
4338
77264
54743
48657
36377
31862
94053
10944
12686
15064
83216
53524
52572
4560
35523
12731
99375
61557
74532
40750
71439
12970
31210
39015
64800
98062
79483
86512
60283
58088
78544
9969
82531
40579
94501
2285
58364
32270
74498
3082
11210
38806
60953
43120
23830
24401
91333
72519
90450
40679
38303
82463
41439
48523
51656
26560
51868
6386
29670
23271
21236
33893
28153
2321
45182
63339
90166
57958
50386
22257
26682
33897
63022
20329
79351
37830
89213
63573
93022
49165
2822
10674
13345
75141
34460
21609
17859
75741
51837
4648
77055
48098
29717
64243
85082
34278
18616
31084
63773
15261
27310
96518
25004
5742
19140
93234
1139
37296
47865
17437
68347
66072
56190
81240
76482
12571
75967
86823
19303
43936
2561
57344
52997
76046
29173
21699
63486
17727
99256
15768
35672
20560
63176
15905
47022
14074
99288
43129
26407
6669
69692
85187
8764
98376
77634
60807
31823
43012
20228
18033
24974
32253
53565
91161
78
51613
23468
19481
79043
66384
65572
69434
86198
27250
48702
18107
86090
74209
3394
47933
64770
53333
77346
1212
72877
74458
67455
11085
67722
40215
91797
12217
62309
28504
47011
22728
91798
62726
32620
1494
59188
62006
39747
14066
65427
80621
1477
93392
28063
64748
29157
45225
41983
81968
59852
58317
95658
28642
97221
75455
57678
60419
47576
82332
95198
97496
75656
63829
48455
35568
29123
77203
1160
34461
93102
39523
10952
62093
48841
87315
5687
58727
56139
94629
6287
78792
21196
62638
31533
6964
48010
59385
6103
25141
38218
33707
36948
62354
96350
30195
7227
96957
61036
98882
70433
76203
6650
99650
70612
17048
35868
46970
58033
76704
64392
88949
78850
54213
38137
86703
77159
97108
29363
8540
58509
10238
80939
89390
19442
65147
57978
42685
32506
52211
39143
77100
49210
33874
34181
49405
58893
27156
16805
98219
66709
71212
59419
21414
39821
53825
18395
7279
74960
9340
75369
32122
31092
59736
63999
57891
71215
95140
25854
49154
648
19719
58305
63189
89186
45738
29925
10851
85874
69450
14634
28369
77038
75126
48168
91402
7127
5869
86674
5560
87030
32406
476
13532
49713
84183
33442
97056
23986
7810
27702
31039
63236
93523
31953
59747
35091
48471
92058
49275
8036
25042
22454
60830
87093
2781
48335
32414
22533
2465
71853
53632
78589
997
33970
87197
17105
90029
50086
66355
94831
79969
35018
68653
32006
11146
26335
26732
32726
94285
14817
79271
24582
61238
64214
60073
37291
70499
80873
86853
54305
24144
16418
51939
12905
17919
40832
58411
74860
293
75712
37995
52291
95672
84710
50316
29988
36231
83279
72128
8308
31045
72241
23375
78411
69577
42554
72619
13725
7189
16246
40031
16337
74521
12018
43195
54151
40320
28975
45276
30845
71664
85217
58024
54047
32133
32975
98427
52227
25677
17965
32873
13774
21933
32980
705
74197
98174
92046
66367
85258
86591
67823
51644
3088
70632
88217
65553
61976
51448
29247
82157
59010
10679
9254
65273
12387
9814
81554
14625
7371
97034
45438
79604
74575
81667
33783
41032
53289
83098
97069
72870
20861
324
2783
22501
34912
22404
86350
33888
50858
14089
73605
168
7118
10717
53915
66753
77831
92854
83281
30942
48986
91214
44431
38528
2612
29567
57589
25986
13081
57439
22604
63327
65370
17032
65719
2426
49745
11448
51853
59399
21453
95694
27552
96079
69845
90917
3815
41387
74070
85311
69694
40460
97963
9975
94502
49040
40904
52922
29533
26866
45013
1503
44735
33278
53556
75327
13945
23504
49450
83018
71281
31831
15020
57935
7155
87652
25654
35882
22107
23159
71553
16582
13455
72245
64505
31870
82277
82955
52922
63537
39176
3146
78858
96782
95289
54668
82912
49306
37053
62002
7172
654
93572
5781
1157
69756
49809
70373
69700
29577
40717
31130
95565
84154
73181
59776
40955
8918
96532
42431
30720
12929
78786
489
50390
37202
92675
79024
77052
67218
82400
24481
4127
33002
94978
40843
97742
6533
61967
48459
84891
49018
34178
83742
74289
20954
98928
58509
26878
78099
1897
66943
54827
38940
43911
26564
28860
16059
30201
85630
92481
2997
45417
82329
49304
80455
2948
75734
41228
29729
46065
31395
71092
97741
21327
56536
76798
95875
63539
76757
96112
50979
71822
31963
7455
9350
50497
45311
32084
53937
14722
50913
99436
43171
89181
92925
1664
39640
21780
69954
14011
18692
24569
50637
18504
44681
7693
78582
60960
52828
84491
96375
79753
38544
8163
58184
15698
28812
57563
514
85206
58364
41446
46865
13417
43505
6993
52584
96295
90471
33203
8883
1983
90394
84741
80803
93745
24184
93931
43290
45856
21598
5590
67303
39274
2763
72515
13658
37242
21029
79451
5935
33971
54548
98720
57671
73871
24295
58520
44960
56298
43837
11019
40165
66045
97158
73013
54304
10958
45592
90972
46050
93085
99974
15561
23874
15627
81103
60609
10182
80892
27242
37058
35376
72755
11805
28239
24102
77369
58793
81257
72020
73458
27868
8852
66445
42996
7268
57337
88782
87353
52029
87147
9718
75770
4206
92297
55387
48349
54721
94079
68502
41244
60187
14814
47483
58626
39324
16774
76952
23929
7549
99835
10635
26972
71343
88740
7449
54579
3729
5782
48932
7983
72596
72477
14294
18208
56228
53027
36425
57553
59730
67273
66894
94561
46071
79779
77919
98615
73368
52344
45678
98340
55613
73490
87433
96216
15185
66060
32674
23995
55964
93550
16163
52058
88738
68853
62359
17548
89598
4076
85873
45554
16743
22493
43393
2132
64305
91467
65652
90701
82098
66335
75384
24020
1286
27589
56296
81946
51540
85926
70693
97682
71439
99486
9483
30257
98749
25828
9539
55266
17672
25522
50693
62913
66928
78682
58731
41063
38215
74599
48943
44533
41362
85610
88430
59026
96403
16259
7238
68735
22348
11943
65444
5467
94890
89234
35051
79958
50272
39384
61585
15574
36015
12743
82069
33606
37892
89033
23298
61825
18429
37120
94688
96432
60096
24203
36445
83734
34121
11985
88599
33812
76205
4579
72465
8688
20394
58065
62056
88192
39474
66521
31900
83766
32060
64842
36253
90451
74470
42825
38869
54609
52925
70249
69303
91096
77980
15358
16611
43757
86269
54750
84338
495
25034
94351
9769
88033
35443
57952
1035
60937
81536
53744
89626
35703
43131
54929
78987
59715
25542
4283
33686
59698
86902
38521
14994
88003
53801
50315
35291
96717
33515
73120
8798
91323
97976
90806
51509
98736
44824
65811
27717
7762
63950
58339
95479
36711
55960
75451
89137
1431
25671
40364
63713
40309
87913
81435
99196
41826
20199
21334
18006
13595
41188
14144
49257
75536
52842
55396
76995
20486
10690
16470
67752
39772
49001
24768
5057
32949
46528
57413
4456
11285
51205
48873
7266
10015
43090
63581
6880
55708
83206
13247
92924
67759
29374
2502
27242
96994
23113
43149
62660
36030
64397
6431
67003
69998
69746
82195
27881
1946
93217
75623
98307
38473
29978
69607
54485
35891
78236
18398
54490
92176
87766
51165
44288
63087
84552
74282
44818
99894
90243
43370
7048
66569
38331
78342
23532
23468
31050
55951
45637
17114
22671
87245
93330
71911
13376
65085
7149
89321
88440
9388
63255
45509
49782
8869
86510
92174
4894
81756
91897
73730
87850
74683
34154
26772
19629
35216
83595
49726
72579
69931
61773
24053
81312
28309
86642
95265
16253
22693
38734
33996
63531
23437
72301
87128
38104
96854
6449
88890
19499
7395
62599
97203
53966
46615
16388
6567
4652
72922
29632
8935
75879
95824
14185
66822
38351
23691
81937
17021
59313
78644
72712
48152
35230
31955
42486
92480
26332
66603
6566
75599
30397
50713
53768
66090
12562
72261
23049
33572
12501
12733
55378
89133
40122
75110
88035
85209
1723
21682
51782
38490
2666
94136
99400
28445
60708
91143
10946
81948
47721
13749
5107
80388
79110
42256
90696
10757
33217
4038
20934
67800
85483
96225
22983
32246
9958
23396
17146
19541
43205
86481
5558
38031
7792
71755
45118
83510
79165
41965
87894
15793
10047
92122
24580
41577
32971
24863
63318
24126
99622
56703
87505
47609
15766
46866
40300
37870
56960
86931
88091
93502
20304
67479
800
78948
33668
41540
98472
2435
10636
70676
1953
38548
80598
39579
27198
30316
87213
86782
71239
24728
85334
2148
79934
57873
52410
7468
50869
20406
39133
85132
8034
85611
23506
20691
74032
24958
60731
85568
96188
59040
21112
34236
84848
99747
26867
43446
26799
76692
58908
17294
20516
18028
60665
1632
44241
96996
61714
29044
58633
20656
70146
7741
66972
72542
33364
6313
55909
36187
73457
86569
52048
99390
16875
7199
88372
67013
45517
98700
40267
97697
77334
6429
36795
10405
78020
28455
60784
5276
13026
18767
54565
27344
51255
31745
66418
38467
82426
62019
23869
95528
75961
14167
14405
10758
25761
41984
55170
2865
74037
5440
25523
80384
90118
21172
98326
25609
84258
84578
44521
16891
68078
13527
19709
19672
36646
94681
27073
93430
49386
81059
29130
575
55846
52227
32010
11573
3248
58675
11759
45162
47208
36527
99877
58644
11428
15144
76431
55960
48778
50125
28448
37611
38389
90547
50011
38481
93453
18551
77421
28951
69029
60749
74164
22823
37164
72123
37535
30512
74238
32149
35799
65949
44476
53684
38339
89576
19326
72830
33835
40080
20309
46066
34291
15628
37712
16033
62689
72613
69429
80784
57366
71539
30633
8197
59856
40128
2644
81561
42249
8881
73681
91427
22463
8949
48918
59594
15341
79752
99563
75961
56633
61719
90119
82501
68817
11586
47291
29926
67056
86588
86609
49653
52961
18954
97181
24809
72396
91389
51347
40897
5239
89194
49597
25745
77821
5799
61387
3843
7022
9610
81552
85129
41239
12481
67911
63292
98783
72891
39485
85532
24332
95708
55262
243
18904
25877
57008
38543
28862
80845
96682
92020
48144
24285
89220
2016
95580
57981
78493
66802
43908
42588
90722
14558
46357
85188
74003
49289
2648
5640
94678
65363
36470
47727
20641
15905
76450
97940
61915
37930
17625
15929
78912
45875
35307
28526
55645
55098
47419
80678
5372
94439
94946
41769
41302
49634
63319
27510
74708
17223
70566
67959
11591
65841
90380
688
51177
64826
82404
37411
73852
91214
26420
17557
71834
1699
89010
17968
87956
83836
41537
65995
56452
7165
40009
28730
11877
47303
92913
28075
82989
6250
10606
79861
39238
3311
50346
34321
32550
13292
22862
55917
27580
80960
95351
64831
70649
65364
94195
11907
71245
56758
2878
63890
43158
20482
25441
44891
68284
93729
4287
81595
79244
87188
46450
84862
72172
43114
38422
95595
84670
83584
64229
50627
7321
1949
5010
88539
43498
40257
70563
52964
63865
60272
77002
46055
40660
71990
93673
75551
89998
10227
95771
75992
31955
37720
89280
52307
60193
90980
47339
87230
32864
3208
962
51184
4223
95821
95342
48273
91070
12367
93237
76602
71851
37961
8777
48393
43128
4784
22970
2063
20007
36480
83663
35210
61807
91298
1763
48263
78929
13075
22011
70627
95357
42416
27188
70467
23117
26408
50142
21390
92996
70876
77045
35123
76858
76975
28797
2284
66673
72419
78802
68155
98879
49361
47104
96500
72028
50890
47414
58886
62176
71371
70347
61175
74531
86443
81073
83696
7562
81019
8536
61976
48925
93069
45637
98953
77255
59461
53313
58859
78903
55756
97832
8724
27926
62623
47788
69829
64789
95798
73140
50927
54437
44016
4840
3860
72776
43227
65416
46528
52878
22705
16759
37602
14736
70397
65089
48242
49526
6192
61276
65252
33473
87347
33272
91964
56108
83516
64859
58224
23912
12360
85180
86945
64848
70945
62523
74746
21720
5563
91578
54954
86274
8806
98587
72120
29027
97446
93705
78786
98899
14000
15259
79135
15199
85573
49569
17784
60072
12120
81797
51768
70800
35566
50924
15533
55365
61021
8880
24026
53653
86417
84706
90977
75223
43646
75269
51142
4031
63575
60554
2893
44399
52275
27312
76642
70256
15460
43574
68985
42467
82103
66901
47400
86819
13369
90412
5990
70798
35438
62156
33465
82856
8480
96098
781
40326
20917
2794
3801
46452
66688
7829
21262
63688
3224
47684
93340
81585
51449
49024
53038
57245
25389
66240
59174
21335
83692
84487
22508
94319
3511
24025
17046
67342
16118
6218
5044
31858
25207
25110
9310
73424
36645
7982
74043
84140
64608
38006
13903
51027
5184
65775
29501
34016
3764
62482
52617
43832
94682
39937
13471
65829
74692
71873
64219
81664
65921
60612
39904
69441
27120
1377
28681
49105
13692
9329
88903
23602
71598
93509
19598
44815
49568
44990
61943
35801
31100
81062
40562
39697
21039
52986
81535
22191
48562
64602
93658
36970
35449
14376
15477
50380
78997
2909
38820
26337
82568
12061
9324
40606
25135
32045
8765
81181
93704
52058
17198
2407
38941
98370
838
86522
54721
81853
66656
60103
54994
81942
93151
98500
86311
32678
5826
57916
50609
940
68995
40088
33756
31095
84176
95759
87392
14084
40221
19323
40088
29016
96134
166
22332
30715
14856
91354
14763
72429
11032
66488
79154
71348
51455
97066
62271
30972
92705
81912
31476
30166
644
96168
16459
55296
46070
80145
15277
96345
44366
70255
3719
47197
14972
61855
76364
49524
99501
27859
98241
99
22487
56185
85178
7114
11306
30975
84538
17505
49416
64309
11827
28557
34769
14638
10970
78492
35290
18700
25733
41679
7911
67985
56460
34374
25364
57811
91678
37256
86518
39477
65454
17248
64973
52110
19819
48910
53411
50053
9664
22202
70023
9688
8120
58798
30398
94492
55596
37443
99839
35892
8428
22920
44140
5765
28060
5345
65768
26227
77920
61049
68556
40074
40038
93168
85889
98072
94265
86832
43361
28532
78871
75120
81195
94400
67978
80762
79280
54610
13540
24948
76598
27797
50874
87857
31098
45005
5169
75393
85147
64349
90151
60552
77196
77467
37105
69830
90080
3145
23402
7139
51726
55479
83074
24115
11706
32418
43303
73380
40721
35109
48490
97742
67474
43422
7735
44692
15175
5231
96816
69931
71739
84867
59916
47801
83169
74782
52829
58463
77862
88941
37782
31575
37090
71211
57629
25706
50876
44644
99541
71199
86399
39081
72582
16446
29358
89429
78940
47411
4778
45761
51401
19338
86357
44349
53189
53000
35984
59284
20212
17606
56419
60234
82360
69055
33554
84698
27761
91784
83726
80423
47238
78820
14092
66103
7619
70006
87635
90696
9379
52029
32474
66338
43001
66786
44895
87505
55653
50810
92228
78860
82648
80302
53793
89419
61884
20333
8366
17570
10678
66112
202
65910
14929
54375
9335
95714
37883
96448
29585
15674
1894
5218
39656
18186
43699
45985
78240
53881
40402
10042
7747
72203
3855
85857
62376
40935
34656
24363
74492
45309
4358
96415
39420
33723
19242
23783
55550
49179
88227
36647
74126
89413
34420
18289
68125
44767
70359
27721
85019
62090
80090
19728
21827
39532
60777
73083
75227
63116
81646
84677
53425
67585
63127
20208
5080
84922
90903
84799
86450
58740
98693
66055
83316
74460
6492
83473
48179
80212
47188
26332
12773
40574
90032
27977
44765
56918
90707
46665
51469
34253
57853
60563
9365
45995
522
9356
93884
52077
68729
22699
28940
87167
34907
23263
35827
42273
26831
12141
41533
62388
49600
78705
987
87847
61002
87272
43360
67325
34210
50611
19663
71923
1953
34614
28628
16126
18264
88450
16948
96430
39551
21718
68414
91204
71729
44407
68300
25776
69947
9545
83158
13621
25349
28711
33322
80963
90058
24142
61722
25125
52618
49585
76722
63190
30787
81598
6085
17220
29152
99499
35568
57402
2899
5836
50014
56194
41889
3247
21107
3995
29529
76098
3949
40505
96753
63159
78938
70791
71409
71203
54653
44521
2506
98341
58144
25676
68263
77785
64800
17363
76888
56864
31337
9393
18465
65481
43945
43255
18908
22764
29907
54315
20345
87754
81439
12445
17968
76025
7276
37268
46929
86277
64108
61246
5669
36387
37037
7709
19894
2010
18088
82465
33684
31446
93999
1047
49043
54100
30768
87059
66390
84626
3066
95641
63663
83460
70503
36235
47631
42600
63664
13331
1469
98378
40794
80636
37302
51012
79893
77634
81037
182
64248
77306
43689
70574
75900
16986
72665
4054
45541
18251
32933
81006
53237
70679
11197
72234
97117
15475
14194
74213
71091
38479
47857
68666
57995
25483
73714
88455
21094
41275
32237
34179
78425
64172
57422
63310
14392
58292
51685
73107
11271
83496
7519
14844
56153
25702
30843
38300
1446
4867
61038
60897
19580
29166
12875
83877
82796
23984
11836
96268
49239
58454
26868
75379
95409
58668
83108
33272
93454
43413
51632
87850
81712
19450
97487
15918
91414
95882
97071
53954
85876
73641
55340
26899
43968
53289
14323
62998
46223
721
12179
86283
78351
55144
56612
42915
97500
89368
97277
43996
56004
5114
81391
29663
37718
1586
34648
49600
61957
69437
62709
60866
46187
44430
52234
41408
99489
95694
61080
67390
39269
19926
67411
20172
19305
49158
36674
72274
20071
97789
85023
48123
15245
86095
60758
55562
33579
88067
32138
97667
40226
74050
81933
65697
81093
88885
44511
9184
36154
12308
72877
98378
53755
77188
95467
76768
36765
5370
23487
84953
74865
48156
67678
6394
94214
68128
97794
12975
19036
2627
33587
79206
74173
68854
35987
8873
90776
72377
71990
64126
36477
79792
17868
9648
84657
82994
57385
80372
95366
98152
91213
33730
99139
95702
97985
85823
82704
60526
10240
1605
11157
86559
68205
87154
64436
92086
63483
92973
16186
54802
32847
40207
44738
69703
99591
96981
61099
79720
42559
49125
60495
30951
53502
58520
29098
81624
82525
48129
73115
91953
6407
34839
6641
78054
54934
963
46623
39471
73599
46975
83443
64689
59637
86812
98036
81606
77246
75601
66099
83204
56168
78481
97137
6826
56996
45910
91635
70867
25296
91387
9165
72744
20806
50524
92770
76277
72232
32852
95327
73362
47381
74661
62440
64214
53476
20606
69808
41694
91913
78986
85286
97058
66291
31975
1740
238
54065
76060
2076
19537
4062
13257
44403
44718
26668
41902
35597
13274
53505
38710
77297
47015
20901
164
72612
49971
89491
77135
93636
53205
59062
43506
4246
50929
86703
95465
14446
3650
15646
12735
59672
63415
32727
66133
73921
2353
68920
26975
28020
71807
24367
24758
78912
41935
9760
50834
43478
35510
97336
14510
40648
24602
4925
1650
79393
6260
82637
18716
54340
53852
45036
58139
25460
41859
34528
13301
87634
55836
97921
40340
75602
47950
23084
17501
37837
23737
67197
50789
16572
84074
45653
15987
9239
38222
39154
85371
74959
9120
56753
90779
17826
32111
71000
5256
79920
49239
25755
59814
13567
90524
17899
52524
9297
48274
95976
58125
57361
64350
73598
17329
49209
81204
88133
71415
16512
90005
65762
69929
55914
34905
47799
12424
4686
16722
38016
56902
78279
37436
15205
23603
28901
69751
84299
93919
75602
12758
11861
99996
5923
34652
63425
98790
51664
54678
54728
446
26247
71513
91352
38345
26387
21213
89336
74350
27881
2527
85862
22593
91248
12301
42770
24201
22988
42042
12881
57202
208
30785
34682
3022
72528
49796
72007
22076
63649
5888
2558
72615
87372
90078
35761
64312
79304
40197
34774
32953
74212
19543
43037
6800
96275
32031
79581
16938
96523
94824
91276
46102
76925
59559
72156
14989
2964
52848
71405
71588
62925
92678
23137
41927
78670
99489
11893
79130
72920
5403
78304
42731
29040
88361
96171
67554
85315
56723
52699
64038
12478
78135
12055
51735
16697
18645
41750
89540
33699
33110
88327
67187
74175
23598
89413
25864
73346
97474
68220
86245
24736
69337
53393
56772
18188
28218
6214
42724
36422
12133
37781
24727
69936
38402
90108
42494
65076
18799
39094
82501
6475
50243
13852
83465
18378
86346
22278
35017
10502
17634
50876
63798
58364
60069
84210
37421
96752
49876
17893
14454
45440
49887
50003
23803
45034
68994
56872
6207
39983
38071
16893
68954
21288
63726
48532
27061
1186
21880
38026
82362
40458
11006
52480
49985
16528
27393
97796
57627
69904
56081
13927
14046
5078
15060
82599
10824
19339
88897
40825
75433
16185
4207
32191
62589
50307
22369
64912
34137
67158
54738
99865
19523
4949
10682
31257
99294
51382
77396
99408
97842
14297
90914
38604
5424
58420
12264
1676
88898
73602
18247
76698
10708
74171
98267
99124
41757
51139
17776
99644
90226
79869
513
70913
97654
2626
63149
71807
36172
30838
674
94623
31665
13532
57710
18174
57574
83771
84555
76345
89033
54697
18847
90095
10183
33583
70709
2343
9801
96754
39638
28094
67510
38146
66833
10384
60618
26356
73974
49894
17330
34895
18149
42218
22013
6695
76666
86383
95373
89010
66882
19167
59612
70170
78838
29120
80932
18301
5497
14513
69914
56076
5247
31715
98606
11033
4576
66515
55055
83580
5348
15315
84551
40802
70280
93245
34739
79449
67086
39700
59453
30609
43839
21945
84762
63866
26166
69923
32844
94341
82115
32628
70764
18868
72686
50835
40420
20812
21871
95631
42271
58398
43682
13780
74847
6706
12099
29796
36091
27317
25470
21015
38636
74070
51017
59304
74620
89765
803
78406
83839
51523
14468
68906
84573
89734
91670
38142
63252
32112
81156
51704
38504
93711
83464
95861
36729
48674
65460
13230
51127
65545
40460
33223
1493
29134
45201
16541
10306
50701
94086
33658
74608
96388
17650
23729
86534
25769
24830
15771
53280
8741
67447
29337
70894
87745
61422
33843
86871
47460
79807
44997
63984
11542
63567
70645
77696
58928
99284
79186
25281
17451
14307
47142
8474
67314
30176
94339
95633
36926
11345
77576
44898
37753
14579
49173
90371
28584
2024
51313
33763
93103
1733
48568
84081
25926
34985
61625
15444
95101
50218
5761
42712
41957
75687
74249
50758
83539
17041
28726
66367
72935
81677
56919
62073
36727
65360
69825
52736
96761
45307
69523
56434
17615
68176
59392
37611
181
465
56075
7720
38496
97615
4851
73597
99235
28526
58034
20096
39881
1912
57543
37223
99815
5550
51217
42490
47094
40282
63677
83548
20246
50532
35011
11041
70905
96734
73943
38615
71479
60057
80602
84065
12708
54137
78461
82848
87306
44147
59582
53179
36853
74304
56119
31471
88151
55275
98754
25776
47103
69805
55646
50645
42024
94028
56397
1108
65443
13681
73764
88216
23739
95630
20331
25788
74984
62320
4229
19613
8477
46114
5233
33422
52897
55483
97082
41951
47888
16730
80507
18137
26904
48996
1992
94138
48928
88012
14489
53231
24094
24509
95393
8896
1080
55930
40317
67342
58369
51660
36290
2827
44721
71672
58991
1801
85224
45252
1554
51841
59038
16122
86911
77221
18699
40052
87806
38707
80646
46214
28238
17745
66025
79516
600
90164
81439
26337
83532
1140
55154
44147
65838
3406
85564
6351
48296
15415
6129
37689
66028
18246
95758
80699
39375
30267
3060
3309
57599
17167
13875
70503
9206
49053
69743
99305
39581
87587
9356
10589
5454
83708
32138
42984
90480
35548
24805
2043
60138
19656
23406
34218
77492
30932
44597
87356
38069
7173
21936
20867
87113
46701
11659
93553
69627
5495
90188
34372
15917
77999
56037
29039
40359
13583
5804
33971
5013
73175
8295
3153
27102
68067
43960
26847
65936
88450
91904
66962
6737
20654
36046
28608
94913
6380
51363
72555
11793
53196
99579
75367
59527
72383
16695
80899
43523
5121
42781
63247
41786
20686
88509
35432
35407
89341
71548
72230
87453
56691
18728
47825
83591
20238
5545
7082
56267
24775
64783
4453
64137
99287
47276
35466
26519
74172
71464
39979
56516
96798
8246
38451
5350
4016
91899
77653
1358
27221
95069
59149
37601
96121
44862
40461
91422
72814
16146
61891
35493
13774
78193
37794
20009
67330
93741
97771
74894
19509
91321
5396
99645
54665
85827
26874
18164
80585
46619
2653
3675
41740
6229
51228
82133
29470
13307
97491
4443
30040
69187
25121
17206
59295
13351
19564
8930
70751
42268
75039
80347
64740
61375
5493
98589
49641
3211
51361
43327
48916
68762
35592
78071
25422
33908
23784
788
94966
81719
18094
91442
87714
23392
95337
43321
53969
38782
70573
24410
76525
3
92624
99177
18720
56086
18265
86363
25547
99753
34210
12664
49423
72916
68680
27580
84420
16843
23603
1052
38593
55746
61551
87951
24334
33319
4144
98264
53933
57043
8037
766
96512
98545
53218
68213
58986
52711
11668
10071
3133
48297
33764
61270
52796
52226
80536
46933
98006
40528
3201
63579
99810
59313
81716
26539
44719
46981
69736
37373
83269
89938
77530
90076
84346
64794
23314
19744
37170
65699
54060
93465
6610
94024
78637
82557
30492
15403
77475
80407
23953
13639
64046
47499
13971
13653
66594
94819
75851
43792
37960
8165
5450
9358
27567
45138
8647
4609
44475
33498
71570
84465
52708
60549
96188
61719
28833
87417
90140
31842
48332
10878
26812
40259
63927
83011
22352
84894
4382
15465
90419
17846
51671
96870
47843
57077
96560
77332
80770
68555
67286
6231
54331
73685
64626
58854
50205
3307
80962
85152
74445
68508
531
94997
33194
83646
74801
47625
12495
49544
93562
80451
89178
19597
10441
50363
38189
24282
65825
70197
92404
51377
38682
31089
77030
51066
81568
9487
15960
33573
31748
61465
7777
42295
35307
58040
44124
50947
63136
94143
72086
97502
71723
95842
22221
10861
89396
57698
13169
61579
91601
62880
82509
83708
48438
94808
88493
22716
62668
87539
40616
59566
48436
46989
73090
76333
8372
26302
17295
95523
2149
90920
74275
31298
54332
25808
50223
25584
48180
10828
82368
68394
46751
3699
27229
35169
12637
50946
95671
62900
52616
28170
89076
81699
85573
55221
26222
94607
23159
20048
78249
10211
48864
73484
24508
57111
33628
39671
65426
68410
23045
21464
2792
64687
49069
39870
30347
55194
71386
37787
99649
29038
7632
41154
81556
86532
23547
98981
89447
68692
46781
19453
88191
74001
60026
90503
39424
77348
26904
9549
57963
13897
79136
75983
46184
38603
84559
87898
71481
40411
99218
9850
84595
68124
95371
78409
83092
836
67675
5652
72425
61200
27007
82461
62480
15777
67471
49233
55657
60274
44329
49990
36516
70436
70695
3642
80882
21048
59789
60382
67362
68219
42198
26360
78506
29972
86579
32728
6704
30417
67444
4083
43454
24825
62062
63859
50799
7339
11478
72754
40442
86456
93575
16565
74753
13615
2875
99501
96515
93004
19417
91163
75059
49506
4847
25146
55742
43638
75627
74436
95470
78166
20986
84705
59745
48949
30488
8790
28675
45389
8770
46763
74365
75703
70548
56322
53104
64689
42775
68646
38868
98297
29574
41854
15985
25589
5351
41339
64431
23030
33799
4447
53601
19167
69971
51504
78772
24938
14560
76546
22331
26483
40854
81068
7294
19243
96306
67089
5059
5187
27308
78931
40026
74719
99478
84679
39709
60135
34267
35812
51363
79472
90727
39508
93533
38942
3141
8874
91444
95904
28847
81111
4471
16966
2155
22997
77916
40048
24919
85769
574
41901
2486
9337
94584
32212
90577
85279
40247
89886
88915
41262
99915
49222
21032
1563
92081
39590
37218
50984
54672
58959
86991
78426
67277
76204
98394
34061
11586
15915
9992
23762
15587
50969
85412
50791
98527
95895
45013
64521
36395
64755
81755
74528
46862
56288
30854
46712
9232
303
90289
19722
59741
64209
20213
19913
16577
23448
71392
45732
28794
98546
6976
70994
93985
75298
38257
38633
76672
39181
9435
73964
77407
40402
9827
71657
61862
88454
39915
11680
10667
10695
57003
51419
86457
43305
62301
59929
49588
27978
34964
85757
35786
1076
61863
32085
62579
40044
85137
32135
52118
13318
61579
70803
36631
14651
44353
17982
5897
53115
65876
89199
22423
94867
55037
90407
48634
97966
57771
39361
82665
84140
52075
8973
89465
52930
24306
41108
96940
97172
17563
58939
6450
61332
22331
92937
81560
73778
43696
53568
27340
64593
58701
80024
42240
83677
41947
44869
82019
40437
33321
7705
7864
66056
16247
52785
89274
83420
62276
16305
71343
67309
71310
92455
8755
31980
61765
2489
99957
55179
64305
48695
94637
83847
42154
70792
86160
67618
74675
41893
12655
83943
51168
35599
79175
38352
87148
27301
52597
78506
53457
3782
90465
51665
68898
20914
37504
38410
22110
32875
27424
68019
25502
47634
82579
41274
30613
5717
8962
17184
23771
40864
27331
44856
67319
66650
42303
77135
91809
84726
38096
24439
58393
37339
91047
68098
66698
72464
45131
81972
57375
30855
4885
38324
45568
2248
32372
80933
68288
2159
61770
7934
42638
99936
63039
69747
23657
92955
17334
49546
45297
41826
47923
4838
93384
3784
24137
16402
40585
59441
61154
84410
32167
75533
10780
40849
10749
5085
81929
71608
24838
98239
85226
38162
48908
64249
56953
38933
50952
85063
32699
12286
10801
53475
44999
85231
61899
57210
45216
54018
6600
75321
9855
87633
10288
95391
62407
49722
61558
38280
42000
57941
39541
49326
61017
51797
43081
6036
11463
46943
26976
64166
78200
4646
29080
24915
43399
85834
26602
81489
88413
98287
70741
67066
18125
35930
78063
79116
57282
95420
33908
79990
76983
38962
26882
72168
47462
11168
89405
40760
33948
14799
14621
88387
87395
4811
83418
91574
74819
11192
41611
66279
1373
66519
82268
28110
3771
18393
66487
62367
18982
10893
80318
32801
95326
91485
39609
24940
83993
1420
14053
17847
63416
39589
60021
46243
97777
3531
53506
51767
892
65691
57924
56940
92300
77085
60429
98411
22035
35141
54043
72875
29313
5357
93355
43854
13734
69526
59310
42789
74183
28266
56925
60503
98312
50799
22189
66774
45109
4580
39712
28782
67311
30197
26906
83766
77573
26276
53611
69812
11037
65376
37397
9197
51587
38795
5047
26241
83189
46265
34256
55849
62780
19622
22569
97365
27522
89423
71200
1361
80373
89304
87036
79508
55046
3002
38963
93254
33768
44523
7491
7072
64548
32213
64379
98892
56846
58732
4521
20938
40150
67934
58490
26950
83917
75411
49705
84104
13111
28377
44824
85681
68518
78330
83385
8290
82738
61906
28375
85220
1870
31532
60435
1732
49996
32594
78179
70223
22461
42939
51
11247
89127
93817
59193
28943
37191
37928
68045
16488
85492
50138
82204
77500
63609
81977
58673
36672
82067
57971
92622
83573
69422
28079
36598
7978
28297
76196
51385
80076
511
54066
50662
75198
46489
82542
81395
45538
88701
59531
6237
35931
20117
96876
31589
33111
94869
36256
2194
95221
54020
2838
95526
83957
71776
65124
49854
57079
72661
29826
85360
43755
75645
20609
37064
90403
97434
23887
33737
78328
62673
23766
6791
55785
92968
39466
81743
26560
20278
83092
5172
57349
62324
88008
17595
65469
70074
73041
95139
12337
82412
30692
49216
34129
57286
82828
88732
72681
69150
71826
5069
52543
11336
62309
86870
58398
59130
90398
44955
747
74591
1290
21408
36138
34519
73752
75842
61980
5362
66367
27308
932
28503
58383
77464
39181
23179
43989
3096
49891
60271
9041
66956
21984
53471
99080
5168
98912
37542
2237
49572
20799
75381
50460
57394
32128
54358
89464
3672
91304
63743
63318
58272
46410
42836
13525
99747
45276
73384
3439
53676
53052
25153
61684
46810
84761
63162
70489
82306
86796
89348
58428
75625
14882
70197
22683
58377
51534
66205
67773
62665
42687
12641
1370
51019
85593
98010
56545
55220
75040
96802
94687
39291
24626
23454
3931
87575
26187
69939
23350
48603
93634
70992
72163
92821
65165
31837
28178
36751
30295
52253
33921
6860
24496
49720
39999
80037
85949
69476
12178
49977
82710
32255
8586
54913
73089
65702
38759
21768
23989
79290
83992
49311
47458
79787
82062
74756
22088
8048
85196
62776
88439
5396
80254
17128
25074
39457
3549
95881
53779
92153
39479
49337
26099
51427
40668
16291
44760
85956
54368
7880
73647
14468
8372
1572
20458
40187
83991
21714
56828
29242
33923
69656
41944
60412
29498
56099
53503
79115
41249
41106
98245
68509
90342
28509
87392
85877
38305
6813
50929
32492
30874
37203
4535
21305
94487
14578
41137
38787
91463
83374
39943
97195
53309
116
32589
73877
11472
96875
39998
99115
43428
27952
20724
22849
10364
14251
98786
35163
6372
98858
23836
84937
69819
65368
97866
76702
13754
48616
55957
61629
15083
42959
3068
68091
47706
89505
82126
30326
97689
38885
42464
51343
84628
20248
67734
41891
54217
49869
26738
21702
72063
14440
52910
85783
10825
29299
71003
97183
80562
45616
8126
51297
66723
64086
93582
57259
63662
34042
83240
29647
64149
77739
59190
99910
20327
31712
85075
58418
63371
60517
67482
74304
41903
35081
26328
44630
14772
14127
16299
81212
230
23266
70292
20925
74460
22585
86187
2283
33279
68836
64421
17699
25948
59082
73960
49675
23861
79680
99005
50754
58389
86608
24510
8072
34769
48617
14490
97669
64735
51909
45171
22682
57534
32361
70379
63510
79538
44506
28525
19855
82670
20473
50934
51448
86422
43099
62744
88359
70782
84174
10141
57326
23429
182
37856
83186
33078
27136
65757
95479
14816
27418
28619
82800
61027
89565
52303
41776
19775
89401
86742
87973
31664
27143
97631
66263
64235
55065
85062
38193
68785
33876
62194
54850
36612
87389
54904
69560
53605
52305
35158
78706
77673
28685
10148
21949
58454
41223
50596
43696
24109
99408
44996
30744
58028
32584
83121
51075
51109
89252
92991
32302
53965
571
29094
44730
61999
21768
9664
5949
29915
25557
49001
50967
32180
68555
64000
3051
39513
65091
46680
53919
37691
54132
37327
57980
18816
18999
72312
37578
66853
20952
20659
46640
55758
23259
54075
31683
23223
76385
43677
65669
35697
89013
77097
12177
5868
82912
4395
46459
50243
53455
92250
79832
69884
70533
48024
67869
67991
93644
26955
62049
18291
9488
26170
27274
69888
5468
83579
23727
28398
20659
16151
28993
86240
74717
688
32373
54417
33933
43415
40356
5955
39950
50452
36192
9852
56873
17140
77110
47348
61118
35325
73875
98223
84788
9854
69415
25442
39648
11
60731
57686
52641
29836
32442
71992
36280
57170
34051
69699
49121
32506
23094
90968
46588
17223
4053
53616
79747
15291
66253
95268
17673
76930
76604
34847
40284
99633
363
88866
47478
61468
3805
3566
36982
80929
65552
56862
24823
33970
50215
89038
88773
3988
94562
21885
87433
19369
29164
3710
26349
36764
39368
21802
63938
5553
6195
98647
54099
4318
17975
74418
17038
57307
13507
21518
60149
69702
79838
71331
9233
97453
11122
53488
95812
54893
29389
57008
25020
46576
20180
66167
63508
34142
55845
27602
19452
21141
78432
38927
72741
71115
57522
36516
57231
30651
90070
52239
51142
79065
95853
59423
27960
16120
49462
10780
51510
77350
59720
7683
6566
30557
29085
17284
54033
10103
51211
27672
92907
17415
86157
88116
50236
5128
46888
81229
40615
87737
33014
2399
65649
18069
49707
79893
37231
35233
22305
38388
59442
15268
72405
34718
63721
50558
21280
50560
34192
94120
28533
41322
3736
11598
34678
89523
61653
38257
99763
72513
54596
86216
57537
55568
57603
81130
44763
69886
14631
64355
20530
52141
65381
65100
7068
61478
62572
14339
30196
31467
67241
80919
38126
82077
48273
28285
66794
30187
54471
19718
22336
6708
86428
54414
50138
41275
41999
76754
56958
73493
37172
74301
95535
41590
99405
56592
96123
11811
55055
7717
80896
16189
37236
93464
22706
88301
53247
47380
1812
76595
19973
36719
329
40014
12197
94500
95073
12281
20591
68426
59047
47218
35534
17420
5570
20041
44737
88459
41569
70256
8208
53051
18902
62634
35562
41983
87911
8220
1688
93531
31225
38124
49478
6257
1424
48188
84150
80418
22988
23756
45663
31863
47924
44628
38094
56959
55124
93452
7849
40946
43460
53840
64055
40381
78978
58872
74974
16385
58675
61993
3536
803
48361
93436
70185
50260
54761
76176
62789
28250
73702
93677
18172
816
48775
86567
17151
59796
55119
89745
56888
2361
31918
5774
68894
93616
65174
59321
41553
34404
57945
76791
35750
15033
3472
46251
26163
43085
19807
51222
36794
18063
78213
30568
8947
88007
72286
39852
20792
37168
39149
28160
87830
24535
58287
45652
90107
34650
27526
37702
54267
97535
14471
35507
72078
98073
80589
26460
67766
68106
18401
58670
91263
77145
45128
49016
66387
26264
54708
54595
99646
82799
39090
11515
45046
9315
99638
88208
76896
54585
39408
56699
54610
37554
6111
65180
92240
12610
86377
7682
9946
97453
3654
7996
31530
23754
79939
56617
72488
37643
37264
38193
31836
45653
83951
7531
1918
43659
93069
59984
45385
4822
83138
39725
29236
27794
16145
98832
38474
248
50057
60904
49101
27570
40487
93462
66686
10990
37142
45098
17220
39415
65196
23050
856
41757
66410
4930
96139
55813
39464
53095
74790
53640
12827
35780
2621
64223
46747
5869
58373
96105
43562
55140
51804
74661
70113
70482
621
45728
83498
36020
58779
97887
20777
9519
21654
45853
89297
53596
98830
78831
14942
6378
57871
25
22472
46086
56645
53850
3347
67718
9889
34346
66203
50331
412
36648
96251
49503
91977
31987
74388
97448
90657
31653
39011
79159
35119
31425
10898
54070
5855
49385
52072
98621
11181
35931
76122
38091
92280
48617
49599
51967
56956
1485
78470
60061
56985
18154
89362
24427
62388
63798
51283
9181
95014
74573
22265
52545
45970
56782
22951
48235
59509
42445
61797
65310
46839
33444
28527
83346
36208
20054
95315
61268
78940
12147
22937
85770
29824
94131
20885
5147
16770
97561
11329
18782
52274
2577
44492
63548
69629
60278
54802
96646
38191
15323
55218
63000
6786
38302
38439
27159
34664
52579
66441
90860
39807
65004
67093
82891
32587
72558
88656
33727
6728
68140
80106
41042
51123
91052
31364
20816
32552
67117
38302
57997
53479
95915
530
43082
45168
54541
95555
19906
12926
29453
10568
88535
12016
93326
10191
49714
68331
10958
8779
80336
18445
5544
93026
86500
72576
9319
52945
44693
93920
80257
12368
82275
92435
62076
48425
86898
32344
62366
62141
26059
91493
54468
36972
48150
74192
12006
41861
90946
89085
40664
95668
9241
21733
96945
70421
42976
99920
3058
90558
63898
29168
77447
91956
92974
12769
77266
74638
18769
92370
39049
80507
65859
42785
51261
66168
55564
65384
34206
59044
2044
70891
83383
98677
69670
93243
32623
22742
59756
40700
70748
94624
33545
96556
79270
3666
96836
2172
86664
76222
29846
14858
20622
77431
39600
18317
50856
61593
2469
44451
49623
29607
83632
28380
23612
83124
34366
87155
77466
74205
38521
96438
58421
70218
90877
72972
23064
66793
81630
69843
87256
47140
43429
90257
6567
64494
88813
12310
36786
53074
84854
81577
93386
33384
36483
70985
74164
87939
53915
77670
25299
89037
78961
69422
93544
36338
76070
58133
76603
4287
21637
89469
63859
9941
52738
53703
86970
31088
44928
47557
22572
44927
64576
67776
56456
62607
32161
76941
26215
36373
72230
62069
95244
5014
89649
98234
66512
34913
4704
24933
48139
23503
13753
34614
52283
38365
22963
97652
57028
72559
3484
99778
40531
94822
91731
51298
9504
95459
24497
42264
3737
21317
15709
28368
16462
23475
47337
99010
61675
94690
87525
1972
71022
39253
25639
12660
77953
6548
49104
27813
32903
46873
4091
86550
32519
94368
41437
21183
78426
81095
15157
51940
56243
93463
63150
30058
71252
57068
10159
1250
61328
14197
72547
26502
58986
15793
12381
31790
5603
18100
1585
43523
43445
11759
95524
94817
77572
58002
17778
71775
58618
43005
84792
43549
12070
24467
17433
81443
89720
86297
58799
47671
81719
46843
21062
91013
89561
37705
74027
15673
44889
39805
64961
60870
4267
45112
6350
38235
63713
81065
89323
66124
97025
66354
61565
43387
30318
21730
56707
26036
53615
36047
99662
94133
94107
17099
23167
78631
88886
2626
1811
18878
76524
61745
27679
92909
17327
71975
59699
7527
41300
65407
60840
11964
38069
9052
77584
73699
52269
29396
19206
36946
32884
13274
64951
26374
33092
94199
98321
33632
46246
26735
52366
36761
86357
87921
74706
63366
11824
57791
61948
37351
53796
96944
61737
81397
80565
58785
42832
14409
24387
34790
12051
16139
13035
71690
94418
24383
73485
61346
28703
83123
86561
80449
68958
33825
68871
60935
14976
9494
8223
80900
33180
72250
31981
3750
59799
22699
32164
12323
32104
48516
99340
16715
53411
98094
15101
26572
54239
87076
12027
41627
30063
41049
37718
63454
92466
93800
72234
82687
81877
14480
99624
1153
9370
24306
45354
44037
13566
9983
98895
45005
26823
74982
87763
39822
600
19604
99286
27028
47888
48137
78454
33009
26683
15784
16223
50962
45158
5689
45546
83733
8646
94845
26926
94438
70886
79805
23942
71232
23662
94255
8964
23126
87858
83098
53869
46132
83409
78722
65757
41862
12693
14873
88732
11084
91966
69454
1159
21721
85025
54249
10605
99298
25814
29277
43992
23522
39903
37761
79445
76886
6930
92651
2487
75137
2059
33383
15984
55338
36950
24552
59678
57138
21857
25142
93417
53399
17649
4685
62045
57182
5466
96409
84478
46880
86820
5570
99567
11313
10062
50397
8589
75828
14629
59197
11776
33357
64693
17139
26292
74356
88344
87641
40093
81249
58858
28183
74746
6273
65661
15880
72973
23539
56798
87352
62503
52089
17391
42852
31673
15637
78500
67698
1921
66216
94777
37216
67572
44937
74288
57799
81660
51719
80854
38765
98322
19762
25881
90901
60202
51045
69650
31042
62511
3244
540
5786
39082
49330
71169
93142
86018
42904
23423
25782
9381
93977
36697
42764
71427
18055
54904
25343
13474
42066
89358
62960
97000
97328
4695
6976
85688
33927
2663
3596
98913
20350
38754
17743
4145
86776
69695
13400
37525
75561
20868
53247
7066
48992
41108
70676
9789
41640
14254
83141
52255
36342
17536
68964
35517
71582
487
3722
92935
85285
83171
95961
45956
44524
80199
92227
91364
14365
15429
66191
10208
97782
52210
23320
15339
99712
88405
4632
54350
4960
33240
18355
81594
65311
84998
24263
37321
54652
13574
70861
83596
44215
38426
2085
68846
900
64250
50685
47675
74832
4195
88485
88288
42752
77083
27838
45516
77780
94741
76168
55741
10182
66608
64263
53064
99248
6703
70306
31250
77839
65170
35507
24692
91460
37699
66317
65166
30723
7510
54081
41084
32502
20086
20778
31908
80938
44497
60176
11729
27094
37116
81129
12551
44785
42905
66953
54496
63960
11504
36061
69442
28977
69854
30280
2861
48541
91537
81390
48209
68106
50228
56047
45071
211
20730
3456
81140
52271
93426
57399
20179
84502
36597
57446
95635
11237
40942
62965
34674
89961
44510
64089
33130
10447
10159
2248
64201
92107
95260
35632
37955
84186
